2.460664201627371 -0.6954423814821642 0.0 1.853200988087817 0.0 
0.0 2.455236751330199 0.0 -0.4667290368321573 0.0 
0.0 -0.6200897449446229 2.4482356870420428 0.0 0.0 
-1.1572148489184673 0.3702867262748133 -0.2566887359083689 2.470752788524631 0.0 
0.0 0.0 0.0 0.0 0.0 
-0.579419451803081 -1.586058585329996 1.7453121621406305 2.4106428089912133 0.0 
-0.8845388726362797 2.444823595178173 -0.6517459605396745 -0.5693103461162136 0.0 
1.8613631389006124 -1.493248070799198 -1.5248794608853842 1.938057648982718 0.0 
-1.1521115597509008 -0.6795069868817913 -0.9335761574455725 2.4558686324057226 0.0 
-1.2026177434161258 -1.189016410681513 -1.4434907091548146 -0.08313683804531169 0.0 
1.3557484003389575 -1.2108913372895003 -0.9764759518446878 2.2334545129418717 0.0 
-0.9214602364932463 -0.9561479133791126 2.304476916607353 -0.5709511263959735 0.0 
1.1695621620861436 -0.6390499603784472 -0.5763799935294115 -0.6017289043598264 0.0 
-1.1589254357525207 2.092962116234208 1.53075654369772 -0.9539946420544884 0.0 
-0.8226691887068178 -0.8975669562052402 0.0 1.9611496783786233 0.0 
0.9136864821149739 2.2521480863442807 -1.0599647940115315 0.0 0.0 
2.011819962053496 2.3304518260669562 -0.7881844907622189 -0.7633324396146153 0.0 
0.0 0.0 0.0 0.0 0.0 
0.02557535317577959 0.9509608531218301 2.09196833286641 1.7962989663892546 0.0 
-1.6 -0.6818656413129784 1.7347539427682452 0.0 0.0 
0.0 0.0 0.0 0.0 0.0 
-1.6 -1.2880738172672062 0.6000000000000001 2.007480597056166 0.0 
0.0 0.0 0.0 0.0 0.0 
3.622404136240384 3.010121067968135 -1.4477412683483253 2.7536419601114472 0.0 
0.0 0.0 0.0 0.0 0.0 
2.9212936582583744 0.0 0.9463518032670959 0.0 0.0 
0.0 0.0 0.0 1.6326317042718763 0.0 
0.0 0.0 0.0 0.0 0.0 




























